1111111111111111111111111111111111111111111111111111111111111111111111111111111111111111111111111111
1111111111111111111111111111111111111111111111111111111111111111111111111111111111111111111111111111
1111111100000000000000001100000000000000011111111111111111111111111111111111111111111111111111111111
1111111105111111111111111111111111111111011111111111111111111111111111111111111111111111111111111111
1111111101511111111111111111111111111111011111111111111111111111111111111111111111111111111111111111
1111111101155111111111111111111111111111011111111111111111111111111111111111111111111111111111111111
1111111101111511111111111111111111111111011111111111111111111111111111111111111111111111111111111111
1111111111111151111111111111111111111111111111111111111111111111111111111111111111111111111111111111
1111111111111115111111111111111111111111111111111111111111111111111111111111111111111111111111111111
1111111101111115111111111111111111111111011111111111111111111111111111111111111111111111111111111111
1111111101111111511111111111111111111111011111111111111111111111111111111111111111111111111111111111
1111111101111111151111111111111111111111011111111111111111111111111111111111111111111111111111111111
1111111101111111115111111111111111111111011111111111111111111111111111111111111111111111111111111111
1111111101111111111511111111111111111111011111111111111111111111111111111111111111111111111111111111
1111111100000000000050000110000000000000011111111111111111111111111111111111111111111111111111111111
1111111111111111111115111111111111111111111111111111111111111111111111111111111111111111111111111111
1111111111111111111111511111111111111111111111111111111111111111111111111111111111111111111111111111
1111111111111111111111151111111111111111111111111111111111111111111111111111111111111111111111111111
1111111111111111111111115111111111111111111111111111111111111111111111111111111111111111111111111111
1111111111111111111111111511111111111111111111111111111111111111111111111111111111111111111111111111
1111111111111111111111111151111111111111111111111111111111111111111111111111111111111111111111111111
1111111111111111111111111115111111111111111111111111111111111111111111111111111111111111111111111111
1111111111111111111111111111511111111111111111111111111111111111111111111111111111111111111111111111
1111111111111111111111111111151111111111111111111111111111111111111111111111111111111111111111111111
1111111111111111111111111111115111111111111111111111111111111111111111111111111111111111111111111111
1111111111111111111111111111111511111111111111111111111111111111111111111111111111111111111111111111
1111111111111111111111111111111151111111111111111111111111111111111111111111111111111111111111111111
1111111111111111111111111111111115111111111111111111111111111111111111111111111111111111111111111111
1111111111111111111111111111111111511111111111111111111111111100000000000000000000000000011111111111
1111111111111111111111111111111111151111111111111111111111111101111111111111111111111111011111111111
1111111111111111111111111111111111115111111111111111111111111101111111111111111111111111011111111111
1111111111111111111111111111111111111511111111111111111111111101111111111111111111111111011111111111
1111111111111111111111111111111111111151111111111111111111111101111111111111111111111111011111111111
1111111111111111111111111111111111111115111111111111111111111101111111111111111111111111011111111111
1111111111111111111111111111111111111111511111111111111111111101111111111111111111111111011111111111
1111111111111111111111111111111111111111151111111111111111111101111111111111111111111111011111111111
1111111111111111111111111111111111111111115111111111111111111100000000000001100000000000011111111111
1111111111111111111111111111111111111111111511111111111111111111111111111111111111111111111111111111
1111111111111111111111111111111111111111111151111111111111111111111111111111111111111111111111111111
1111111111111111111111111111111111111111111115111111111111111111111111111111111111111111111111111111
1111111111111111111111111111111111111111111111511111111111111111111111111111111111111111111111111111
1111111111111111111111111111111111111111111111151111111111111111111111111111111111111111111111111111
1111111111111111111111111111111111111111111111115111111111111111111111111111111111111111111111111111
1111111111111111111111111111111111111111111111111511111111111111111111111111111111111111111111111111
1111111111111111111111111111111111111111111111111151111111111111111111111111111111111111111111111111
1111111111111111111111111111111111111111111111111115111111111111111111111111111111111111111111111111
1111111111111111111111111111111111111111111111111111511111111111111111111111111111111111111111111111
1111111111111111111111111111111111111111111111111111151111111111111111111111111111111111111111111111
1111100000000000000000000000000111111111111111111111115111111111111111111111111111111111111111111111
1111101111111111111111111111110111111111111111111111111511111111111111111111111111111111111111111111
1111101111111111111111111111110111111111111111111111111151111111111111111111111111111111111111111111
1111101111111111111111111111110111111111111111111111111115111111111111111111111111111111111111111111
1111111111111111111111111111110111111111111111111111111111511111111111111111111111111111111111111111
1111111111111111111111111111110111111111111111111111111111151111111111111111111111111111111111111111
1111101111111111111111111111110111111111111111111111111111115111111111111111111111111111111111111111
1111101111111111111111111111110111111111111111111111111111111511111111111111111111111111111111111111
1111101111111111111111111111110111111111111111111111111111111151111111111111111111111111111111111111
1111101111111111111111111111110111111111111111111111111111111115111111111111111111111111111111111111
1111100000000000000000000000000111111111111111111111111111111111511111111111111111111111111111111111
1111111111111111111111111111111111111111111111111111111111111111151111111111111111111111111111111111
1111111111111111111111111111111111111111111111111111111111111111115111111111111111111111111111111111
1111111111111111111111111111111111111111111111111111111111111111115111111111111111111111111111111111
1111111111111111111111111111111111111111111111111111111111111111111511111111111111111111111111111111
1111111111111111111111111111111111111111111111111111111111111111111151111111111111111111111111111111
1111111111111111111111111111111111111111111111111111111111111111111115111111111111111111111111111111
1111111111111111111111111111111111111111111111111111111111111111111115111111111111111111111111111111
1111111111111111111111111111111111111111111111111111111111111111111115111111111111111111111111111111
1111111111111111111111111111111111111111111111111111111111111111111115111111111111111111111111111111
1111111111111111111111111111111111111111111111111111111111111111111115111111111111111111111111111111
1111111111111111111111111111111111111111111111111111111111111111111115111111111111111111111111111111
1111111111111111111111111111111111111111111111111111111111111111111115111111111111111111111111111111
1111111111111111111111111111111111111111111111111111111111111111111115111111111111111111111111111111
1111111111111111111111111111111111111111111111111111111111111111111115111111111111111111111111111111
1111111111111111111111111111111111111111111111111111111111111111111115111111111111111111111111111111
1111111111111111111111111111111111111111111111111111111111111111111115111111111111111111111111111111
1111111111111111111111111111111111111111111111111111111111111111111115111111111111111111111111111111
1111111111111111111111111111111111111111111111111111111111111111111115111111111111111111111111111111
1111111111111111111111111111111111111111111111111111111111111111111115111111111111111111111111111111
1111111111111111111111111111111111111111111111111111111111111111111115111111111111111111111111111111
1111111111111111111111111111111111111111111111111111111111111111111115111111111111111111111111111111
1111111111111111111111111111111111111111111111111111111111111111111111511111111111111111111111111111
1111111111111111111111111111111111111111111111111111111111111111111111151111111111111111111111111111
1111111111111111111111111111111111111111111100000000000000011000000000050000011111111111111111111111
1111111111111111111111111111111111111111111101111111111111111111111111151111011111111111111111111111
1111111111111111111111111111111111111111111101111111111111111111111111151111011111111111111111111111
1111111111111111111111111111111111111111111101111111111111111111111111151111011111111111111111111111
1111111111111111111111111111111111111111111101111111111111111111111111151111011111111111111111111111
1111111111111111111111111111111111111111111101111111111111111111111111115111011111111111111111111111
1111111111111111111111111111111111111111111101111111111111111111111111111511011111111111111111111111
1111111111111111111111111111111111111111111101111111111111111111111111111151011111111111111111111111
1111111111111111111111111111111111111111111101111111111111111111111111111151011111111111111111111111
1111111111111111111111111111111111111111111101111111111111111111111111111151011111111111111111111111
1111111111111111111111111111111111111111111101111111111111111111111111111151011111111111111111111111
1111111111111111111111111111111111111111111101111111111111111111111111111151011111111111111111111111
1111111111111111111111111111111111111111111101111111111111111111111111111115011111111111111111111111
1111111111111111111111111111111111111111111100000000000000001100000000000000011111111111111111111111
1111111111111111111111111111111111111111111111111111111111111111111111111111111111111111111111111111
1111111111111111111111111111111111111111111111111111111111111111111111111111111111111111111111111111
1111111111111111111111111111111111111111111111111111111111111111111111111111111111111111111111111111
1111111111111111111111111111111111111111111111111111111111111111111111111111111111111111111111111111
