1111111111111111111111111111111111111111111111111111111111111111111111111111111111111111111111111111
1111111111111111111111111111111111111111111111111111111111111111111111111111111111111111111111111111
1111111100000000000000001100000000000000011111111111111111111111111111111111111111111111111111111111
1111111101111111111111111111111111111111011111111111111111111111111111111111111111111111111111111111
1111111101111111111111111111111111111111011111111111111111111111111111111111111111111111111111111111
1111111101111111111111111111111111111111011111111111111111111111111111111111111111111111111111111111
1111111101111111111111111111111111111111011111111111111111111111111111111111111111111111111111111111
1111111111111111111111111111111111111111111111111111111111111111111111111111111111111111111111111111
1111111111111111111111111111111111111111111111111111111111111111111111111111111111111111111111111111
1111111101111111111111111111111111111111011111111111111111111111111111111111111111111111111111111111
1111111101111111111111111111111111111111011111111111111111111111111111111111111111111111111111111111
1111111101111111111111111111111111111111011111111111111111111111111111111111111111111111111111111111
1111111101111111111111111111111111111111011111111111111111111111111111111111111111111111111111111111
1111111101111111111111111111111111111111011111111111111111111111111111111111111111111111111111111111
1111111100000000000000000110000000000000011111111111111111111111111111111111111111111111111111111111
1111111111111111111111111111111111111111111111111111111111111111111111111111111111111111111111111111
1111111111111111111111111111111111111111111111111111111111111111111111111111111111111111111111111111
1111111111111111111111111111111111111111111111111111111111111111111111111111111111111111111111111111
1111111111111111111111111111111111111111111111111111111111111111111111111111111111111111111111111111
1111111111111111111111111111111111111111111111111111111111111111111111111111111111111111111111111111
1111111111111111111111111111111111111111111111111111111111111111111111111111111111111111111111111111
1111111111111111111111111111111111111111111111111111111111111111111111111111111111111111111111111111
1111111111111111111111111111111111111111111111111111111111111111111111111111111111111111111111111111
1111111111111111111111111111111111111111111111111111111111111111111111111111111111111111111111111111
1111111111111111111111111111111111111111111111111111111111111111111111111111111111111111111111111111
1111111111111111111111111111111111111111111111111111111111111111111111111111111111111111111111111111
1111111111111111111111111111111111111111111111111111111111111111111111111111111111111111111111111111
1111111111111111111111111111111111111111111111111111111111111111111111111111111111111111111111111111
1111111111111111111111111111111111111111111111111111111111111100000000000000000000000000011111111111
1111111111111111111111111111111111111111111111111111111111111101111111111111111111111111011111111111
1111111111111111111111111111111111111111111111111111111111111101111111111111111111111111011111111111
1111111111111111111111111111111111111111111111111111111111111101111111111111111111111111011111111111
1111111111111111111111111111111111111111111111111111111111111101111111111111111111111111011111111111
1111111111111111111111111111111111111111111111111111111111111101111111111111111111111111011111111111
1111111111111111111111111111111111111111111111111111111111111101111111111111111111111111011111111111
1111111111111111111111111111111111111111111111111111111111111101111111111111111111111111011111111111
1111111111111111111111111111111111111111111111111111111111111100000000000001100000000000011111111111
1111111111111111111111111111111111111111111111111111111111111111111111111111111111111111111111111111
1111111111111111111111111111111111111111111111111111111111111111111111111111111111111111111111111111
1111111111111111111111111111111111111111111111111111111111111111111111111111111111111111111111111111
1111111111111111111111111111111111111111111111111111111111111111111111111111111111111111111111111111
1111111111111111111111111111111111111111111111111111111111111111111111111111111111111111111111111111
1111111111111111111111111111111111111111111111111111111111111111111111111111111111111111111111111111
1111111111111111111111111111111111111111111111111111111111111111111111111111111111111111111111111111
1111111111111111111111111111111111111111111111111111111111111111111111111111111111111111111111111111
1111111111111111111111111111111111111111111111111111111111111111111111111111111111111111111111111111
1111111111111111111111111111111111111111111111111111111111111111111111111111111111111111111111111111
1111111111111111111111111111111111111111111111111111111111111111111111111111111111111111111111111111
1111100000000000000000000000000111111111111111111111111111111111111111111111111111111111111111111111
1111101111111111111111111111110111111111111111111111111111111111111111111111111111111111111111111111
1111101111111111111111111111110111111111111111111111111111111111111111111111111111111111111111111111
1111101111111111111111111111110111111111111111111111111111111111111111111111111111111111111111111111
1111111111111111111111111111110111111111111111111111111111111111111111111111111111111111111111111111
1111111111111111111111111111110111111111111111111111111111111111111111111111111111111111111111111111
1111101111111111111111111111110111111111111111111111111111111111111111111111111111111111111111111111
1111101111111111111111111111110111111111111111111111111111111111111111111111111111111111111111111111
1111101111111111111111111111110111111111111111111111111111111111111111111111111111111111111111111111
1111101111111111111111111111110111111111111111111111111111111111111111111111111111111111111111111111
1111100000000000000000000000000111111111111111111111111111111111111111111111111111111111111111111111
1111111111111111111111111111111111111111111111111111111111111111111111111111111111111111111111111111
1111111111111111111111111111111111111111111111111111111111111111111111111111111111111111111111111111
1111111111111111111111111111111111111111111111111111111111111111111111111111111111111111111111111111
1111111111111111111111111111111111111111111111111111111111111111111111111111111111111111111111111111
1111111111111111111111111111111111111111111111111111111111111111111111111111111111111111111111111111
1111111111111111111111111111111111111111111111111111111111111111111111111111111111111111111111111111
1111111111111111111111111111111111111111111111111111111111111111111111111111111111111111111111111111
1111111111111111111111111111111111111111111111111111111111111111111111111111111111111111111111111111
1111111111111111111111111111111111111111111111111111111111111111111111111111111111111111111111111111
1111111111111111111111111111111111111111111111111111111111111111111111111111111111111111111111111111
1111111111111111111111111111111111111111111111111111111111111111111111111111111111111111111111111111
1111111111111111111111111111111111111111111111111111111111111111111111111111111111111111111111111111
1111111111111111111111111111111111111111111111111111111111111111111111111111111111111111111111111111
1111111111111111111111111111111111111111111111111111111111111111111111111111111111111111111111111111
1111111111111111111111111111111111111111111111111111111111111111111111111111111111111111111111111111
1111111111111111111111111111111111111111111111111111111111111111111111111111111111111111111111111111
1111111111111111111111111111111111111111111111111111111111111111111111111111111111111111111111111111
1111111111111111111111111111111111111111111111111111111111111111111111111111111111111111111111111111
1111111111111111111111111111111111111111111111111111111111111111111111111111111111111111111111111111
1111111111111111111111111111111111111111111111111111111111111111111111111111111111111111111111111111
1111111111111111111111111111111111111111111111111111111111111111111111111111111111111111111111111111
1111111111111111111111111111111111111111111111111111111111111111111111111111111111111111111111111111
1111111111111111111111111111111111111111111111111111111111111111111111111111111111111111111111111111
1111111111111111111111111111111111111111111100000000000000011000000000000000011111111111111111111111
1111111111111111111111111111111111111111111101111111111111111111111111111111011111111111111111111111
1111111111111111111111111111111111111111111101111111111111111111111111111111011111111111111111111111
1111111111111111111111111111111111111111111101111111111111111111111111111111011111111111111111111111
1111111111111111111111111111111111111111111101111111111111111111111111111111011111111111111111111111
1111111111111111111111111111111111111111111101111111111111111111111111111111011111111111111111111111
1111111111111111111111111111111111111111111101111111111111111111111111111111011111111111111111111111
1111111111111111111111111111111111111111111101111111111111111111111111111111011111111111111111111111
1111111111111111111111111111111111111111111101111111111111111111111111111111011111111111111111111111
1111111111111111111111111111111111111111111101111111111111111111111111111111011111111111111111111111
1111111111111111111111111111111111111111111101111111111111111111111111111111011111111111111111111111
1111111111111111111111111111111111111111111101111111111111111111111111111111011111111111111111111111
1111111111111111111111111111111111111111111101111111111111111111111111111111011111111111111111111111
1111111111111111111111111111111111111111111100000000000000001100000000000000011111111111111111111111
1111111111111111111111111111111111111111111111111111111111111111111111111111111111111111111111111111
1111111111111111111111111111111111111111111111111111111111111111111111111111111111111111111111111111
1111111111111111111111111111111111111111111111111111111111111111111111111111111111111111111111111111
1111111111111111111111111111111111111111111111111111111111111111111111111111111111111111111111111111