1111111111111111111111111111111111111111111111111111111111111111111111111111111111111111111111111111
1111111111111111111111111111111111111111111111111111111111111111111111111111111111111111111111111111
1111111111111111111111111111111111111111111111111111111111111111111111111111111111111111111111111111
1111111111111111111111111111111111111111111111111111111111111111111111111111111111111111111111111111
1111111111111111111111111111111111111111111111111111111111111111111111111111111111111111111111111111
1111111111111111111111111111111111111111111111111111111111111111111111111111111111111111111111111111
1111111111111111111111111111111111111111111111111111111111111111111111111111111111111111111111111111
1111111111111111111111111111111111111111111111111111111111111111111111111111111111111111111111111111
1111111111111111111111111111111111111111111111111111111111111111111111111111111111111111111111111111
1111111111111111111111111111111111111111111111111111111100000000000001111111100000000000000011111111
1111111111111111111111111111111111111111111111111111111101111111111111111111111111111111111011111111
1111111100011111000111111111111111111111111111111111111101111111111111111111111111111111111011111111
1111111101111111110111111111111111111111111111111111111101111111111111111111111111111111111011111111
1111111101111111110111111111111111111111111111111111111101111111111111111111111111111111111011111111
1111111101111111110111111111111111111111111111111111111101111111111111111111111111111111111011111111
1111111101111111110111111111111111111111111111111111111101111111111111111111111111111111111011111111
1111111101111111110111111111111111111111111111111111111101111111111111111111111111111111111011111111
1111111101111111110111111111111111111111111111111111111101111111111111111111111111111111111011111111
1111111101111111110111111111111111111111111111111111111101111111111111111111111111111111111011111111
1111111101111111110111111111111111111111111111111111111101111111111111111111111111111111111011111111
1111111101111111110111111111111111111111111111111111111101111111111111111111111111111111111011111111
1111111101111111110111111111111111111111111111111111111101111111111111111111111111111111111011111111
1111111101111111110111111111111111111111111111111111111101111111111111111111111111111111111011111111
1111111100000000000111111111111111111111111111111111111111111111111111111111111111111111111011111111
1111111111111111111111111111111111111111111111111111111111111111111111111111111111111111111011111111
1111111111111111111111111111111111111111111111111111111111111111111111111111111111111111111011111111
1111111111111111111111111111111111111111111111111111111111111111111111111111111111111111111111111111
1111111111111111111111111111111111111111111111111111111111111111111111111111111111111111111111111111
1111111111111111111111111111111111111111111111111111111111111111111111111111111111111111111111111111
1111111111111111111111111111111111111111111111111111111111111111111111111111111111111111111111111111
1111111111111111111111100001111100001111111111111111111111111111111111111111111111111111111111111111
1111111111111111111111101111111111101111111111111111111111111111111111111111111111111111111111111111
1111111111111111111111101111111111101111111111111111111101111111111111111111111111111111111111111111
1111111111111111111111101111111111101111111111111111111101111111111111111111111111111111111111111111
1111111111111111111111101111111111101111111111111111111101111111111111111111111111111111111011111111
1111111111111111111111101111111111101111111111111111111101111111111111111111111111111111111011111111
1111111111111111111111101111111111101111111111111111111101111111111111111111111111111111111011111111
1111111111111111111111101111111111101111111111111111111101111111111111111111111111111111111011111111
1111111111111111111111101111111111101111111111111111111101111111111111111111111111111111111011111111
1111111111111111111111101111111111101111111111111111111101111111111111111111111111111111111011111111
1111111111111111111111100000000000001111111111111111111101111111111111111111111111111111111011111111
1111111111111111111111111111111111111111111111111111111101111111111111111111111111111111111011111111
1111111111111111111111111111111111111111111111111111111101111111111111111111111111111111111011111111
1111111111111111111111111111111111111111111111111111111101111111111111111111111111111111111011111111
1111111111111111111111111111111111111111111111111111111101111111111111111111111111111111111011111111
1111111111111111111111111111111111111111111111111111111101111111111111111111111111111111111011111111
1111111111111111111111111111111111111111111111111111111101111111111111111111111111111111111011111111
1111111111111111111111111111111111111111111111111111111101111111111111111111111111111111111011111111
1111111111111111111111111111111111111111111111111111111101111111111111111111111111111111111011111111
1111111111111111111111111111111111111111111111111111111101111111111111111111111111111111111011111111
1111111111111111111111111111111111111111111000111100000100000000000001111111111110000000000011111111
1111111111111111111111111111111111111111111011111111110111111111111111111111111111111111111111111111
1111000000000011111110000000000000000000111011111111110111111111111111111111111111111111111111111111
1111011111111111111111111111111111111110111011111111110111111111111111111111111111111111111111111111
1111011111111111111111111111111111111110111011111111110111111111111111111111111111111111111111111111
1111011111111111111111111111111111111110111011111111110111111111111111111111111111111111111111111111
1111011111111111111111111111111111111110111011111111110111111111111111111111111111111111111111111111
1111011111111111111111111111111111111110111011111111110111111111111111111111111111111111111111111111
1111011111111111111111111111111111111110111011111111110111111111111111111111111111111111111111111111
1111011111111111111111111111111111111110111011111111110111111111111111111111111111111111111111111111
1111011111111111111111111111111111111110111000000000000111111111111111111111111111111111111111111111
1111011111111111111111111111111111111110111111111111111111111111111111111111111111111111111111111111
1111011111111111111111111111111111111110111111111111111111111111111111111111111111111111111111111111
1111011111111111111111111111111111111110111111111111111111111111111111111111111111111111111111111111
1111011111111111111111111111111111111110111111111111111111111111111111111111111111111111111111111111
1111011111111111111111111111111111111110111111111111111111111111111111111111111111111111111111111111
1111011111111111111111111111111111111110111111111111111111111111111111111111111111111111111111111111
1111011111111111111111111111111111111110111111111111111111111111111111111111111111111111111111111111
1111011111111111111111111111111111111110111111111111111111111111111111111111111111111111111111111111
1111011111111111111111111111111111111110111111111111111111111111111111111111111111111111111111111111
1111011111111111111111111111111111111110111111111111111111111111111111111111111111111111111111111111
1111011111111111111111111111111111111110111111111111111111111100011110000001111111111111111111111111
1111011111111111111111111111111111111110111111111111111111111101111111111101111111111111111111111111
1111011111111111111111111111111111111110111111111111111111111101111111111101111111111111111111111111
1111011111111111111111111111111111111110111111111111111111111101111111111101111111111111111111111111
1111011111111111111111111111111111111110111111111111111111111101111111111101111111111111111111111111
1111011111111111111111111111111111111110111111111111111111111101111111111111111111111111111111111111
1111011111111111111111111111111111111110111111111111111111111111111111111111111111111111111111111111
1111011111111111111111111111111111111110111111111111111111111111111111111111111111111111111111111111
1111011111111111111111111111111111111110111111111111111111111111111111111111111111111111111111111111
1111011111111111111111111111111111111110111111111111111111111101111111111111111111111111111111111111
1111011111111111111111111111111111111110111111111111111111111101111111111101111111111111111111111111
1111011111111111111111111111111111111110111111111111111111111101111111111101111111111111111111111111
1111011111111111111111111111111111111110111111111111111111111101111111111101111111111111111111111111
1111011111111111111111111111111111111110111111111111111111111101111111111101111111111111111111111111
1111011111111111111111111111111111111110111111111111111111111100000011100001111111111111111111111111
1111000000000000000000000011111100000000111111111111111111111111111111111111111111111111111111111111
1111111111111111111111111111111111111111111111111111111111111111111111111111111111111111111111111111
1111111111111111111111111111111111111111111111111111111111111111111111111111111111111111111111111111
1111111111111111111111111111111111111111111111111111111111111111111111111111111111111111111111111111
1111111111111111111111111111111111111111111111111111111111111111111111111111111111111111111111111111
1111111111111111111111111111111111111111111111111111111111111111111111111111111111111111111111111111
1111111111111111111111111111111111111111111111111111111111111111111111111111111111111111111111111111
1111111111111111111111111111111111111111111111111111111111111111111111111111111111111111111111111111
1111111111111111111111111111111111111111111111111111111111111111111111111111111111111111111111111111
1111111111111111111111111111111111111111111111111111111111111111111111111111111111111111111111111111
1111111111111111111111111111111111111111111111111111111111111111111111111111111111111111111111111111
1111111111111111111111111111111111111111111111111111111111111111111111111111111111111111111111111111
1111111111111111111111111111111111111111111111111111111111111111111111111111111111111111111111111111
1111111111111111111111111111111111111111111111111111111111111111111111111111111111111111111111111111
